%% k	x	yEuler(1)	yIEuler(1)	yRungeKutta(1)	yEuler(2)	yIEuler(2)	yRungeKutta(2)	yAnalytic	
ode_data=[
0	0	0	0	0	1	1	1	0	
1	0.001	0.001	0.001	0.001	1	0.999998	0.999998	0.000999999	
2	0.002	0.002	0.002	0.002	0.999996	0.999992	0.999992	0.00199999	
3	0.003	0.003	0.00299998	0.00299998	0.999988	0.999982	0.999982	0.00299998	
4	0.004	0.00399998	0.00399996	0.00399996	0.999976	0.999968	0.999968	0.00399996	
5	0.005	0.00499996	0.00499992	0.00499992	0.99996	0.99995	0.99995	0.00499992	
6	0.006	0.00599992	0.00599986	0.00599986	0.99994	0.999928	0.999928	0.00599986	
7	0.007	0.00699986	0.00699978	0.00699978	0.999916	0.999902	0.999902	0.00699977	
8	0.008	0.00799978	0.00799966	0.00799966	0.999888	0.999872	0.999872	0.00799966	
9	0.009	0.00899966	0.00899952	0.00899952	0.999856	0.999838	0.999838	0.00899951	
10	0.01	0.00999952	0.00999934	0.00999934	0.99982	0.9998	0.9998	0.00999933	
11	0.011	0.0109993	0.0109991	0.0109991	0.99978	0.999758	0.999758	0.0109991	
12	0.012	0.0119991	0.0119989	0.0119989	0.999736	0.999712	0.999712	0.0119988	
13	0.013	0.0129989	0.0129985	0.0129985	0.999688	0.999662	0.999662	0.0129985	
14	0.014	0.0139985	0.0139982	0.0139982	0.999636	0.999608	0.999608	0.0139982	
15	0.015	0.0149982	0.0149978	0.0149978	0.99958	0.99955	0.99955	0.0149978	
16	0.016	0.0159978	0.0159973	0.0159973	0.99952	0.999488	0.999488	0.0159973	
17	0.017	0.0169973	0.0169967	0.0169967	0.999456	0.999422	0.999422	0.0169967	
18	0.018	0.0179967	0.0179961	0.0179961	0.999388	0.999352	0.999352	0.0179961	
19	0.019	0.0189961	0.0189954	0.0189954	0.999316	0.999278	0.999278	0.0189954	
20	0.02	0.0199954	0.0199947	0.0199947	0.99924	0.9992	0.9992	0.0199947	
21	0.021	0.0209947	0.0209938	0.0209938	0.99916	0.999118	0.999118	0.0209938	
22	0.022	0.0219938	0.0219929	0.0219929	0.999076	0.999032	0.999032	0.0219929	
23	0.023	0.0229929	0.0229919	0.0229919	0.998988	0.998942	0.998942	0.0229919	
24	0.024	0.0239919	0.0239908	0.0239908	0.998896	0.998848	0.998848	0.0239908	
25	0.025	0.0249908	0.0249896	0.0249896	0.9988	0.99875	0.99875	0.0249896	
26	0.026	0.0259896	0.0259883	0.0259883	0.9987	0.998648	0.998648	0.0259883	
27	0.027	0.0269883	0.0269869	0.0269869	0.998596	0.998542	0.998542	0.0269869	
28	0.028	0.0279869	0.0279854	0.0279854	0.998488	0.998432	0.998432	0.0279854	
29	0.029	0.0289854	0.0289838	0.0289838	0.998376	0.998318	0.998318	0.0289837	
30	0.03	0.0299838	0.029982	0.029982	0.99826	0.998201	0.998201	0.029982	
31	0.031	0.030982	0.0309802	0.0309802	0.998141	0.998079	0.998079	0.0309801	
32	0.032	0.0319802	0.0319782	0.0319782	0.998017	0.997953	0.997953	0.0319782	
33	0.033	0.0329782	0.0329761	0.0329761	0.997889	0.997823	0.997823	0.032976	
34	0.034	0.0339761	0.0339738	0.0339738	0.997757	0.997689	0.997689	0.0339738	
35	0.035	0.0349738	0.0349714	0.0349714	0.997621	0.997551	0.997551	0.0349714	
36	0.036	0.0359714	0.0359689	0.0359689	0.997481	0.997409	0.997409	0.0359689	
37	0.037	0.0369689	0.0369663	0.0369663	0.997337	0.997263	0.997263	0.0369662	
38	0.038	0.0379663	0.0379635	0.0379635	0.997189	0.997113	0.997113	0.0379634	
39	0.039	0.0389635	0.0389605	0.0389605	0.997037	0.99696	0.99696	0.0389605	
40	0.04	0.0399605	0.0399574	0.0399574	0.996881	0.996802	0.996802	0.0399573	
41	0.041	0.0409574	0.0409541	0.0409541	0.996722	0.99664	0.99664	0.0409541	
42	0.042	0.0419541	0.0419507	0.0419507	0.996558	0.996474	0.996474	0.0419506	
43	0.043	0.0429507	0.042947	0.042947	0.99639	0.996304	0.996304	0.042947	
44	0.044	0.043947	0.0439433	0.0439433	0.996218	0.99613	0.99613	0.0439432	
45	0.045	0.0449433	0.0449393	0.0449393	0.996042	0.995953	0.995953	0.0449393	
46	0.046	0.0459393	0.0459352	0.0459352	0.995863	0.995771	0.995771	0.0459351	
47	0.047	0.0469352	0.0469308	0.0469308	0.995679	0.995585	0.995585	0.0469308	
48	0.048	0.0479308	0.0479263	0.0479263	0.995491	0.995396	0.995396	0.0479263	
49	0.049	0.0489263	0.0489216	0.0489216	0.995299	0.995202	0.995202	0.0489216	
50	0.05	0.0499216	0.0499167	0.0499167	0.995104	0.995004	0.995004	0.0499167	
51	0.051	0.0509167	0.0509116	0.0509116	0.994904	0.994803	0.994803	0.0509116	
52	0.052	0.0519116	0.0519063	0.0519063	0.9947	0.994597	0.994597	0.0519063	
53	0.053	0.0529063	0.0529008	0.0529008	0.994493	0.994387	0.994387	0.0529008	
54	0.054	0.0539008	0.0538951	0.0538951	0.994281	0.994174	0.994174	0.0538951	
55	0.055	0.0548951	0.0548892	0.0548892	0.994065	0.993956	0.993956	0.0548892	
56	0.056	0.0558892	0.055883	0.055883	0.993846	0.993735	0.993735	0.055883	
57	0.057	0.056883	0.0568767	0.0568767	0.993622	0.993509	0.993509	0.0568766	
58	0.058	0.0578766	0.0578701	0.0578701	0.993395	0.99328	0.99328	0.05787	
59	0.059	0.05887	0.0588632	0.0588632	0.993163	0.993046	0.993046	0.0588632	
60	0.06	0.0598632	0.0598561	0.0598561	0.992928	0.992809	0.992809	0.0598561	
61	0.061	0.0608561	0.0608488	0.0608488	0.992688	0.992567	0.992567	0.0608488	
62	0.062	0.0618488	0.0618413	0.0618413	0.992445	0.992322	0.992322	0.0618412	
63	0.063	0.0628413	0.0628335	0.0628335	0.992198	0.992072	0.992072	0.0628334	
64	0.064	0.0638335	0.0638254	0.0638254	0.991946	0.991819	0.991819	0.0638254	
65	0.065	0.0648254	0.0648171	0.0648171	0.991691	0.991562	0.991562	0.0648171	
66	0.066	0.0658171	0.0658085	0.0658085	0.991432	0.991301	0.991301	0.0658085	
67	0.067	0.0668085	0.0667997	0.0667997	0.991168	0.991035	0.991035	0.0667997	
68	0.068	0.0677997	0.0677906	0.0677906	0.990901	0.990766	0.990766	0.0677906	
69	0.069	0.0687906	0.0687812	0.0687812	0.99063	0.990493	0.990493	0.0687812	
70	0.07	0.0697812	0.0697716	0.0697716	0.990355	0.990216	0.990216	0.0697716	
71	0.071	0.0707716	0.0707617	0.0707617	0.990076	0.989935	0.989935	0.0707616	
72	0.072	0.0717617	0.0717515	0.0717515	0.989792	0.98965	0.98965	0.0717514	
73	0.073	0.0727515	0.072741	0.072741	0.989505	0.989361	0.989361	0.0727409	
74	0.074	0.073741	0.0737302	0.0737302	0.989214	0.989068	0.989068	0.0737301	
75	0.075	0.0747302	0.0747191	0.0747191	0.988919	0.988771	0.988771	0.0747191	
76	0.076	0.0757191	0.0757077	0.0757077	0.988621	0.98847	0.98847	0.0757077	
77	0.077	0.0767077	0.0766961	0.0766961	0.988318	0.988165	0.988165	0.076696	
78	0.078	0.077696	0.0776841	0.0776841	0.988011	0.987857	0.987857	0.077684	
79	0.079	0.078684	0.0786718	0.0786718	0.9877	0.987544	0.987544	0.0786717	
80	0.08	0.0796717	0.0796592	0.0796592	0.987385	0.987227	0.987227	0.0796591	
81	0.081	0.0806591	0.0806462	0.0806462	0.987067	0.986907	0.986907	0.0806462	
82	0.082	0.0816462	0.081633	0.081633	0.986744	0.986582	0.986582	0.0816329	
83	0.083	0.0826329	0.0826194	0.0826194	0.986417	0.986254	0.986254	0.0826193	
84	0.084	0.0836194	0.0836055	0.0836055	0.986087	0.985921	0.985921	0.0836054	
85	0.085	0.0846054	0.0845912	0.0845912	0.985752	0.985585	0.985585	0.0845912	
86	0.086	0.0855912	0.0855766	0.0855766	0.985414	0.985244	0.985244	0.0855766	
87	0.087	0.0865766	0.0865617	0.0865617	0.985072	0.9849	0.9849	0.0865617	
88	0.088	0.0875617	0.0875464	0.0875464	0.984725	0.984552	0.984552	0.0875464	
89	0.089	0.0885464	0.0885308	0.0885308	0.984375	0.9842	0.9842	0.0885308	
90	0.09	0.0895308	0.0895148	0.0895148	0.984021	0.983844	0.983844	0.0895148	
91	0.091	0.0905148	0.0904985	0.0904985	0.983663	0.983484	0.983484	0.0904985	
92	0.092	0.0914985	0.0914818	0.0914818	0.983301	0.98312	0.98312	0.0914818	
93	0.093	0.0924818	0.0924647	0.0924647	0.982935	0.982752	0.982752	0.0924647	
94	0.094	0.0934647	0.0934473	0.0934473	0.982565	0.98238	0.98238	0.0934473	
95	0.095	0.0944473	0.0944295	0.0944295	0.982191	0.982004	0.982004	0.0944294	
96	0.096	0.0954295	0.0954113	0.0954113	0.981813	0.981625	0.981625	0.0954113	
97	0.097	0.0964113	0.0963928	0.0963928	0.981431	0.981241	0.981241	0.0963927	
98	0.098	0.0973927	0.0973738	0.0973738	0.981046	0.980853	0.980853	0.0973737	
99	0.099	0.0983737	0.0983545	0.0983545	0.980656	0.980462	0.980462	0.0983544	
100	0.1	0.0993544	0.0993347	0.0993347	0.980263	0.980067	0.980067	0.0993347	
101	0.101	0.100335	0.100315	0.100315	0.979865	0.979667	0.979667	0.100315	
102	0.102	0.101315	0.101294	0.101294	0.979464	0.979264	0.979264	0.101294	
103	0.103	0.102294	0.102273	0.102273	0.979059	0.978857	0.978857	0.102273	
